4
20 30
68 213 761 758 56 717 274 508 56 304 945 918 771 983 618 621 668 19 112 675 469 624 264 167 127 370 925 75 273 625
828 4 303 769 801 314 501 709 865 872 948 604 538 150 259 172 783 70 266 703 353 339 220 107 227 265 811 479 468 633
632 195 874 203 10 278 501 937 903 118 249 801 25 188 545 276 427 549 248 189 164 104 57 604 123 525 67 155 164 203
757 496 529 85 224 77 869 733 4 549 925 770 915 935 936 142 662 399 152 363 228 900 401 295 130 716 234 973 920 927
810 94 632 178 317 664 588 146 279 822 744 188 176 568 342 346 816 716 801 209 260 173 468 553 274 579 923 508 482 627
986 707 398 865 77 613 220 683 48 665 664 159 760 247 439 192 681 146 826 621 322 816 911 851 78 773 639 884 540 164
667 439 297 56 136 690 828 18 405 366 746 628 778 290 916 238 67 402 382 646 149 729 569 149 209 277 3 920 71 603
229 292 764 442 949 806 183 907 837 569 144 553 428 529 90 686 684 792 124 735 956 431 762 305 566 792 897 948 19 857
706 286 294 780 158 443 942 524 796 12 968 722 886 861 133 297 99 748 592 895 313 39 51 821 896 612 321 913 591 135
735 186 937 952 647 475 104 99 37 52 718 196 606 893 719 218 805 204 859 571 776 185 210 240 378 104 809 307 59 567
620 422 125 473 180 238 488 42 35 840 360 660 718 347 45 777 603 94 916 186 914 643 428 119 568 44 715 376 778 204
682 163 880 170 694 327 410 786 929 33 255 412 873 893 819 513 335 495 208 43 306 682 369 916 652 809 11 466 437 628
877 585 80 766 210 354 83 788 556 859 834 816 707 103 902 335 374 671 202 519 545 392 879 406 48 271 768 487 107 67
56 198 666 890 355 485 859 190 227 704 641 649 748 951 47 511 305 465 454 492 360 673 796 549 907 268 102 515 313 200
759 21 77 316 264 253 61 627 178 975 197 354 410 813 197 581 501 550 305 109 925 808 199 901 786 467 190 989 172 848
37 190 815 210 906 22 48 740 964 311 232 84 363 60 399 934 622 203 2 907 725 985 440 148 865 802 514 873 664 952
689 703 374 743 532 898 16 94 650 575 282 544 420 901 692 108 703 756 752 433 593 887 687 622 145 966 413 25 84 112
866 351 110 903 506 804 502 124 479 275 261 908 982 687 87 659 216 523 370 184 457 543 720 33 446 284 976 881 418 411
778 766 90 808 146 736 835 669 28 240 432 44 329 125 176 988 681 596 103 833 546 121 363 621 7 969 554 435 892 970
370 613 513 37 306 988 302 651 903 289 286 374 609 922 559 465 264 47 593 571 48 301 324 559 773 410 951 631 395 346
30 10
68 213 761 758 56 717 274 508 56 304
945 918 771 983 618 621 668 19 112 675
469 624 264 167 127 370 925 75 273 625
828 4 303 769 801 314 501 709 865 872
948 604 538 150 259 172 783 70 266 703
353 339 220 107 227 265 811 479 468 633
632 195 874 203 10 278 501 937 903 118
249 801 25 188 545 276 427 549 248 189
164 104 57 604 123 525 67 155 164 203
757 496 529 85 224 77 869 733 4 549
925 770 915 935 936 142 662 399 152 363
228 900 401 295 130 716 234 973 920 927
810 94 632 178 317 664 588 146 279 822
744 188 176 568 342 346 816 716 801 209
260 173 468 553 274 579 923 508 482 627
986 707 398 865 77 613 220 683 48 665
664 159 760 247 439 192 681 146 826 621
322 816 911 851 78 773 639 884 540 164
667 439 297 56 136 690 828 18 405 366
746 628 778 290 916 238 67 402 382 646
149 729 569 149 209 277 3 920 71 603
229 292 764 442 949 806 183 907 837 569
144 553 428 529 90 686 684 792 124 735
956 431 762 305 566 792 897 948 19 857
706 286 294 780 158 443 942 524 796 12
968 722 886 861 133 297 99 748 592 895
313 39 51 821 896 612 321 913 591 135
735 186 937 952 647 475 104 99 37 52
718 196 606 893 719 218 805 204 859 571
776 185 210 240 378 104 809 307 59 567
