20 10
6.4031e+09 7.29219e+09 8.00329e+09 7.25031e+09 7.89761e+09 5.83868e+09 7.46903e+09 6.84652e+09 8.98525e+09 6.47113e+09
8.64953e+09 8.91189e+09 1.06316e+10 1.01218e+10 1.0992e+10 7.07104e+09 7.90549e+09 8.79919e+09 1.10882e+10 8.39437e+09
7.19308e+09 7.12658e+09 8.13986e+09 8.06441e+09 8.71499e+09 6.69337e+09 7.38158e+09 8.06155e+09 9.87499e+09 8.72397e+09
7.24716e+09 8.02383e+09 9.17936e+09 6.96487e+09 8.75628e+09 7.24679e+09 7.25989e+09 8.31637e+09 9.27215e+09 7.58403e+09
7.56544e+09 7.89952e+09 8.83965e+09 7.86037e+09 9.18624e+09 6.2994e+09 7.6787e+09 8.54738e+09 9.25874e+09 7.54485e+09
7.23765e+09 7.38893e+09 9.59364e+09 7.96383e+09 9.30576e+09 6.25416e+09 7.28852e+09 7.60642e+09 9.52359e+09 7.76299e+09
8.2593e+09 8.09869e+09 9.50432e+09 8.67527e+09 9.83216e+09 6.43319e+09 7.74869e+09 9.06232e+09 9.72723e+09 8.53187e+09
9.10673e+09 7.69604e+09 9.81124e+09 8.43991e+09 9.4467e+09 7.63064e+09 7.26921e+09 8.27745e+09 9.48043e+09 8.39028e+09
6.92569e+09 7.20935e+09 7.40818e+09 6.64339e+09 8.02541e+09 5.01482e+09 6.85121e+09 6.5026e+09 7.61475e+09 6.75024e+09
9.34468e+09 8.62544e+09 9.88364e+09 8.58672e+09 9.93782e+09 7.76911e+09 7.66565e+09 9.25548e+09 1.03573e+10 9.09336e+09
8.4512e+09 7.43579e+09 8.90451e+09 7.7497e+09 8.90785e+09 5.44119e+09 7.88852e+09 7.88353e+09 9.40322e+09 7.80143e+09
6.70793e+09 7.51512e+09 8.17569e+09 8.52344e+09 8.18514e+09 6.08736e+09 6.21523e+09 7.48711e+09 7.96992e+09 7.28241e+09
8.129e+09 7.66249e+09 8.93583e+09 7.35725e+09 9.10299e+09 8.09601e+09 8.15397e+09 8.88882e+09 9.86261e+09 8.24345e+09
8.38432e+09 8.55071e+09 9.97258e+09 8.75705e+09 9.6821e+09 7.08346e+09 7.72019e+09 8.88113e+09 9.37948e+09 9.07482e+09
7.91409e+09 7.37819e+09 9.69964e+09 8.91576e+09 9.39245e+09 6.41285e+09 8.08764e+09 8.59897e+09 1.05713e+10 7.84886e+09
8.13592e+09 7.80581e+09 9.40044e+09 8.58849e+09 9.10005e+09 5.80888e+09 7.69672e+09 8.31836e+09 9.06828e+09 8.04861e+09
9.03827e+09 8.7584e+09 1.04928e+10 7.91498e+09 9.96833e+09 7.52837e+09 8.09047e+09 9.1871e+09 1.02506e+10 8.5919e+09
8.09707e+09 7.70021e+09 9.58176e+09 8.13623e+09 9.4755e+09 7.78971e+09 8.07575e+09 9.20684e+09 9.74579e+09 7.24992e+09
8.22301e+09 8.49779e+09 9.28206e+09 7.66535e+09 9.52489e+09 6.91015e+09 7.75175e+09 8.52891e+09 9.76336e+09 8.56651e+09
7.3428e+09 6.42007e+09 9.50346e+09 8.38088e+09 8.95372e+09 6.77829e+09 8.32667e+09 8.11619e+09 9.56261e+09 7.19444e+09