20 10
8.15974e+06 5.79832e+06 6.5266e+06 6.55742e+06 6.28858e+06 5.77096e+06 7.53233e+06 7.76771e+06 6.54142e+06 7.77628e+06
8.16161e+06 5.51904e+06 7.20669e+06 6.71647e+06 6.13569e+06 5.49152e+06 7.22486e+06 6.99433e+06 5.70435e+06 7.08685e+06
5.09294e+06 4.90109e+06 5.02286e+06 4.82967e+06 3.08969e+06 4.84416e+06 5.30677e+06 5.48125e+06 4.19173e+06 5.11519e+06
9.55077e+06 6.66657e+06 9.47872e+06 8.27767e+06 6.68103e+06 6.95981e+06 8.94332e+06 8.26727e+06 7.02597e+06 8.13689e+06
8.31068e+06 5.67944e+06 7.57482e+06 7.02839e+06 5.10188e+06 6.08951e+06 8.42929e+06 7.42822e+06 5.63815e+06 6.68892e+06
9.36214e+06 6.50346e+06 9.03418e+06 8.14499e+06 7.13332e+06 7.45381e+06 8.49078e+06 8.10219e+06 6.00681e+06 8.65376e+06
6.97753e+06 5.20913e+06 7.4785e+06 6.2158e+06 4.63772e+06 5.97931e+06 6.63002e+06 6.3558e+06 4.81938e+06 6.33219e+06
9.61395e+06 7.77601e+06 8.26192e+06 8.11294e+06 6.25205e+06 7.24352e+06 8.4613e+06 9.04189e+06 6.34994e+06 8.62299e+06
9.76183e+06 6.5015e+06 8.75763e+06 8.61678e+06 6.20112e+06 7.18084e+06 8.07358e+06 8.23081e+06 6.97242e+06 7.24557e+06
7.98183e+06 5.0872e+06 6.55279e+06 6.27074e+06 5.54853e+06 5.7587e+06 8.00834e+06 6.35923e+06 5.70898e+06 7.03801e+06
7.5073e+06 5.2147e+06 6.79075e+06 6.26143e+06 4.94245e+06 5.9443e+06 6.80451e+06 6.96859e+06 5.58815e+06 6.62607e+06
8.65322e+06 6.1748e+06 7.61135e+06 7.35658e+06 4.923e+06 7.13646e+06 8.53692e+06 7.61419e+06 6.02956e+06 7.73262e+06
7.46537e+06 6.56796e+06 7.73469e+06 7.62395e+06 5.94252e+06 7.00438e+06 7.28505e+06 8.22462e+06 5.19493e+06 7.71292e+06
9.03815e+06 6.10333e+06 7.66619e+06 6.89554e+06 5.40476e+06 6.41394e+06 8.42304e+06 8.18013e+06 6.68684e+06 7.47528e+06
8.07702e+06 5.68161e+06 7.38643e+06 6.65936e+06 5.09674e+06 6.17509e+06 7.27072e+06 7.99326e+06 4.92412e+06 6.63075e+06
8.90988e+06 6.4054e+06 7.51148e+06 7.62774e+06 6.2034e+06 6.08152e+06 7.09423e+06 6.96655e+06 5.59394e+06 7.55505e+06
8.43255e+06 6.66398e+06 8.08229e+06 7.4e+06 5.57774e+06 7.36481e+06 8.40249e+06 8.41996e+06 6.64298e+06 8.67185e+06
8.20104e+06 5.59682e+06 7.44297e+06 7.985e+06 5.54995e+06 7.20166e+06 7.34317e+06 8.17191e+06 6.52006e+06 7.45695e+06
9.47431e+06 6.46539e+06 8.49677e+06 8.08782e+06 6.14346e+06 6.03504e+06 7.4533e+06 8.00741e+06 5.77923e+06 8.02449e+06
8.29251e+06 5.56723e+06 6.40093e+06 7.18294e+06 5.56145e+06 6.58331e+06 8.04615e+06 6.83309e+06 5.78736e+06 6.65796e+06